<!DOCTYPE html>
  <html>
  <head>
<style type="text/css">
.inline {
  background-color: #f7f7f7;
  border:solid 1px #B0B0B0;
}
.error {
	font-weight: bold;
	color: #FF0000;
}
.warning {
	font-weight: bold;
}
.message {
	font-style: italic;
}
.source, .output, .warning, .error, .message {
	padding: 0 1em;
  border:solid 1px #F7F7F7;
}
.source {
  background-color: #f5f5f5;
}
.left {
  text-align: left;
}
.right {
  text-align: right;
}
.center {
  text-align: center;
}
.hl.num {
  color: #AF0F91;
}
.hl.str {
  color: #317ECC;
}
.hl.com {
  color: #AD95AF;
  font-style: italic;
}
.hl.opt {
  color: #000000;
}
.hl.std {
  color: #585858;
}
.hl.kwa {
  color: #295F94;
  font-weight: bold;
}
.hl.kwb {
  color: #B05A65;
}
.hl.kwc {
  color: #55aa55;
}
.hl.kwd {
  color: #BC5A65;
  font-weight: bold;
}
</style>
  <meta charset="utf-8" />
    <meta name="viewport" content="width=device-width), initial-scale=0.3, height=device-height)"/>
      <title>YTN 북한 인물 연결망 탐색기</title>
      <style>
      @font-face {
        font-family: 'BMYEONSUNG';
        src: url('https://cdn.jsdelivr.net/gh/projectnoonnu/noonfonts_one@1.0/BMYEONSUNG.woff') format('woff');
        font-weight: normal;
        font-style: normal;
      }
    </style>
      <style>
      @font-face {
        font-family: 'BareunDotum';
        src: url('https://cdn.jsdelivr.net/korean-webfonts/1/orgs/othrs/kpa/BareunDotum/BareunDotumOTFPro3.woff2') format('woff2'), url('//cdn.jsdelivr.net/korean-webfonts/1/orgs/othrs/kpa/BareunDotum/BareunDotumOTFPro3.woff') format('woff');
        font-style: normal;
        font-weight: 700;
      }
    </style>
      <style>
      @font-face {
        font-family: 'BareunBatang';
        src: url('https://cdn.jsdelivr.net/korean-webfonts/1/orgs/othrs/kpa/BareunBatang/BareunBatangOTFL.woff') format('woff');
        font-style: normal;
        font-weight: 300;
      }      
    </style>
      <style>
      @font-face {
        font-family: 'BareunBatang02';
        src: url('https://cdn.jsdelivr.net/korean-webfonts/1/orgs/othrs/kpa/BareunBatang/BareunBatangOTFM.woff2') format('woff2'),
        url('//cdn.jsdelivr.net/korean-webfonts/1/orgs/othrs/kpa/BareunBatang/BareunBatangOTFM.woff') format('woff');
        font-style: normal;
        font-weight: 400;
      } 
    </style>
      <script>
      </script>
      <!-- 기술연구소 wrap_middle > #right_aside 의 width를 수정 -->
      <style>
      #main_header {
      min-width : 800px;
    margin : 0 auto;
    height : 50px;
    position : relative;
    background-color : rgba(0,0,0,0.04);           
    text-align : left;
    border-bottom : 2px solid black;
    }
#main_header > #title > txt {
width : 500px;
float : left;
color : #353535;
  font-family: 'BMYEONSUNG';
font-size : 40px;
line-height : 50px;
}
#main_header > #subtitle > txt {
float : left;
color : #353535;
  font-family: 'BMYEONSUNG';
font-size : 40px;
line-height : 30px;
margin: 10px 0px;
}
#wrap_middle {
background-color :  rgba(0,0,0,0.04);
overflow : hidden;
}
#wrap_middle > #right_aside {
float: left;
width: 400px;  
}
#wrap_middle > #main_section { 
width : auto;  
border : 1px solid #e0e0e0;
padding : 0;
margin: 0 auto;
float: left;
background-color: white;
}
.item {
  overflow : hidden;
  font-family: 'BareunBatang02';
  font-size: 15px;
  padding : 15px;
  position: relative;
  top: 10px;
  line-height : 18px;
  letter-spacing :0.5px;
  border-bottom : 1px solid white;
}
.side {
  overflow : hidden;
  font-family: 'BMYEONSUNG';
  font-size: 17px;
  padding : 10px;
  line-height : 15px;
  letter-spacing :0.5px;
  border-bottom : 0.5px solid white;
}
.credit {
  overflow : hidden;
  font-family: 'BMYEONSUNG';
  font-size: 16px;
  position: relative;
  padding: 7px;
  line-height : 15px;
  letter-spacing :0.2px;
}
.what {
  overflow : hidden;
  font-family: 'BareunBatang';
  font-size: 13px;
  position: relative;
  padding: 15px;
  top: 5px;
  bottom: 10px;
  line-height : 18px;
  letter-spacing :0.5px;
  border-bottom : 0.2px solid gray;
}
.copyright {
  overflow : hidden;
  font-family: 'BareunDotumPro3';
  font-size: 12px;
  position: relative;
  line-height : 17px;
  letter-spacing :0.2px;
}
.control_text {
  width : 70px;
  float:left;            
}
.control_text > txt {
  color: black;
  font-family: 'BareunDotumPro3';         
  font-size: 15px;  
  line-height : 30px;
}
.control_input {
  float: left;
  height:30px;             
}
#wrap_bottom {
background-color :  rgba(0,0,0,0.04);
height : 30px;
margin : 0 auto;   
border-top : 2px solid black;  
padding : 0px;
}
.item_bottom {
  width : 500px;                    
  float : left;
  border-right : 1px solid white;
  align-content : center;
}
.item_bottom > txt,label {
  padding : 0px;
  margin : 0px 3px 0px 3px;
  font-family: 'BMYEONSUNG'; 
  font-size : 20px;
  line-height: 30px;                
  float : left;                
}
.item_bottom > input {
  float : left;
  padding : 0px;
  margin: 0px;
  height: 30px;
}
#bottom_2 > input {
display : none;
}
#bottom_2 > input:checked + label{
background-color : #808080;
  color : white;
}
#bottom_2 > label:hover {
background-color : #e0e0e0;
  color : black;
}
#bottom_2 > label {
width : 120px;
text-align : center;
}

</style>
  <style>
  svg text {
    font-family: 'BareunDotum';        
  }
.cir {
  stroke: #fff;
    stroke-width: 2px;
}
.node > #selected {
  stroke: #8b0000;
  stroke-width: 3px;
stroke-dasharray : 10px, 5px;
fill-opacity:0.1;
}
.node > #unselected {
  stroke:  #fff;
  stroke-width: 0px;            
}
.bar > #selected {
  stroke: #8b0000;
  stroke-width: 2px;
stroke-dasharray : 10px, 5px;
fill-opacity:0.4;
}
.bar > #unselected {
  }
.cir2 {
  stroke: #fff;
    stroke-width: 0px;
  fill-opacity:0;
}
.lines {
  fill : none;
  stroke-opacity: .6;
  transition: opacity 250ms;
  -webkit-transition: opacity 250ms;
  -moz-transition: opacity 250ms;
}
.node {
  transition: opacity 250ms;
  -webkit-transition: opacity 250ms;
  -moz-transition: opacity 250ms;
}
.node.inactive {
  opacity : 0.1;
}
.lines.inactive {
  opacity : 0.1;            
}
</style>
  </head>
  <body>
  <script src="http://d3js.org/d3.v3.min.js"></script>
  <script>
  </script>
  <script>
  window.onload = function (){
    function dataStorage() {
      var dataSet = [
        [
        ['장성택','최룡해','김기남','박도춘','현철해','김양건','김정각','문경덕','김경희','김원홍','김영춘','리영호','김평해','최태복','최영림','김영일','김영남','강석주','주규창','황병서','박재경','현영철','리명수','양형섭','리병삼','리재일','김명국','김창섭','곽범기','리설주','리용무','김영철','오극렬','김병호','로두철','조연준','태종수','김국태','김경옥','박춘홍','마원춘','조경철','박정천','손철주','최부일','리두성','우동측','량청송','한광상','김영대','박태성','윤동현','김격식','리영수','리병철','리용하','박봉주','김철만','리을설','최춘식','한광복','김성남','류미영','윤정린','전용남','전창복','최은복','황순희','강관일','권혁봉','김락희','남승우','려춘석','리종무','오일정','김명식','김수학','김승두','김영녀','김용진','김차돌','김춘삼','로성실','로흥세','리선호','리수용','리응원','박구호','배익주','백세봉','변영립','심상대','안지용','오룡택','윤길상','장수길','전병호','전일춘','정명도','정일심','정희자','주순옥','천재련'],
        ['106','85','58','50','48','45','45','42','41','41','40','40','38','38','36','32','31','27','26','25','24','24','23','22','20','20','19','19','18','18','18','17','17','15','15','15','15','14','13','12','11','11','10','10','10','9','9','8','8','7','7','7','6','6','5','5','5','4','4','4','4','3','3','3','3','3','3','3','2','2','2','2','2','2','2','1','1','1','1','1','1','1','1','1','1','1','1','1','1','1','1','1','1','1','1','1','1','1','1','1','1','1','1'],
        [1,0.7585253525,0.7142020585,0.6868028197,0.5607721541,0.6226002146,0.5936420651,0.6294651818,0.6219264047,0.5309127845,0.583580361,0.5067934714,0.5987408171,0.5987408171,0.5342072243,0.5494422558,0.4884546539,0.4860025335,0.4952605565,0.2913857587,0.3370469239,0.4361783721,0.4658123357,0.4555734516,0.4343722428,0.3692164063,0.2896767366,0.4233736919,0.4120816918,0.2976145552,0.4120816918,0.3533571356,0.4004714203,0.2758634244,0.3761773969,0.3761773969,0.3761773969,0.3634218922,0.3232634751,0.3364632925,0.2635683357,0.2928537063,0.2764328026,0.2764328026,0.2764328026,0.0647523908,0.2913857587,0.2747211279,0.2747211279,0.2569780844,0.2202669295,0.2569780844,0.2379154757,0.2379154757,0.1737488971,0.2171861214,0.1737488971,0.1942571725,0.1942571725,0.1942571725,0.1942571725,0.0560772154,0.1682316462,0.1682316462,0.1121544308,0.1121544308,0.1682316462,0.1682316462,0.1373605639,0.1373605639,0.1373605639,0.1373605639,0.1373605639,0,0.1373605639,0.0971285862,0.0971285862,0.0971285862,0.0971285862,0.0971285862,0.0971285862,0,0.0971285862,0,0.0971285862,0.0971285862,0.0971285862,0.0971285862,0.0971285862,0.0971285862,0.0971285862,0.0971285862,0,0.0971285862,0.0971285862,0.0971285862,0.0971285862,0.0971285862,0.0971285862,0.0971285862,0.0971285862,0.0971285862,0.0971285862],
        [0.7585253525,1,0.669382568,0.6135719911,0.6731911129,0.5982545418,0.6467616668,0.6192522825,0.5928797992,0.4912432622,0.565945331,0.4973458969,0.5982430416,0.580647658,0.5784812208,0.5560496169,0.5844279059,0.5218535759,0.5530663188,0.3687817783,0.2435440935,0.5092285592,0.4975644003,0.5087470191,0.4608176876,0.1697749375,0.1990690407,0.4727889717,0.4346134937,0.3834824944,0.4601789933,0.3946002313,0.4472135955,0.3080616185,0.3640728218,0.3640728218,0.4200840252,0.3768511732,0.3910769444,0.0626224291,0.1962209821,0.2943314731,0.3429971703,0.3429971703,0.3429971703,0,0.2530855341,0,0.2684377461,0.2869720216,0.2459760185,0.2049800154,0.2656844657,0.1771229771,0.242535625,0.145521375,0.09701425,0.2169304578,0.2169304578,0.2169304578,0.2169304578,0.0626224291,0.1878672873,0.1878672873,0.1878672873,0.1878672873,0.1878672873,0.1878672873,0.1533929978,0.1533929978,0.1533929978,0.1533929978,0.1533929978,0,0.1533929978,0.1084652289,0.1084652289,0.1084652289,0.1084652289,0.1084652289,0.1084652289,0,0,0,0.1084652289,0.1084652289,0.1084652289,0.1084652289,0.1084652289,0.1084652289,0.1084652289,0.1084652289,0.1084652289,0.1084652289,0.1084652289,0.1084652289,0.1084652289,0,0.1084652289,0,0,0.1084652289,0],
        [0.7142020585,0.669382568,1,0.6685032174,0.4359063751,0.7633862854,0.5872202195,0.7699188535,0.7382383049,0.4511456308,0.6020797289,0.5190342491,0.7029236327,0.745525065,0.7003009753,0.6731456009,0.6603332829,0.6317483696,0.5665288229,0.0525225731,0.1608168802,0.3484365738,0.4928271104,0.6158817621,0.5284981976,0.1174440439,0.1204950466,0.5422277098,0.5570860145,0.2475937842,0.4332891224,0.2229254144,0.3503113654,0.2712254014,0.5085476277,0.5085476277,0.4746444525,0.4913036844,0.2185071122,0.1137147065,0.1187711374,0.1979518956,0.1245682198,0.1660909597,0.2076136996,0,0.3939192986,0.0464238345,0.3249668418,0.3474041669,0.2481458335,0.0992583334,0.2680281337,0.3216337605,0.1174440439,0.2936101098,0.1174440439,0.1969596493,0.1969596493,0.2626128657,0.2626128657,0.0758098044,0.2274294131,0.0758098044,0.1516196087,0.0758098044,0.2274294131,0.1516196087,0,0.0928476691,0.1856953382,0.1856953382,0,0,0.1856953382,0,0.1313064329,0.1313064329,0.1313064329,0.1313064329,0.1313064329,0,0.1313064329,0,0.1313064329,0,0.1313064329,0.1313064329,0.1313064329,0.1313064329,0.1313064329,0.1313064329,0,0,0.1313064329,0.1313064329,0.1313064329,0,0.1313064329,0.1313064329,0.1313064329,0,0.1313064329],
        [0.6868028197,0.6135719911,0.6685032174,1,0.5715476066,0.611373681,0.5902918299,0.6328318817,0.618416546,0.618416546,0.6484597135,0.5142956348,0.6882472016,0.6194224815,0.5421151989,0.6,0.5588005588,0.6531972647,0.6379052257,0.1979898987,0.3175426481,0.375277675,0.4718142597,0.6030226892,0.474341649,0.2529822128,0.291998558,0.5839971161,0.5666666667,0.1333333333,0.4666666667,0.3086974533,0.4458963214,0.0730296743,0.4746928832,0.5477225575,0.5112077203,0.4913538149,0.1961161351,0.040824829,0.0426401433,0.2984810029,0.2683281573,0.2683281573,0.2236067977,0.0471404521,0.3771236166,0,0.05,0.3741657387,0.0534522484,0.3207134903,0.2886751346,0.1154700538,0.2529822128,0,0,0.2121320344,0.2121320344,0.2828427125,0,0,0.2449489743,0.2449489743,0.0816496581,0,0.2449489743,0.1632993162,0.2,0,0.2,0.2,0,0,0.2,0.1414213562,0.1414213562,0,0.1414213562,0,0.1414213562,0,0.1414213562,0,0.1414213562,0,0.1414213562,0.1414213562,0.1414213562,0,0.1414213562,0.1414213562,0,0,0.1414213562,0,0.1414213562,0,0.1414213562,0.1414213562,0.1414213562,0,0.1414213562],
        [0.5607721541,0.6731911129,0.4359063751,0.5715476066,1,0.3657817605,0.6239806502,0.3786200927,0.4508348173,0.6537104851,0.5249007843,0.3879701449,0.4448782605,0.3278050341,0.4089564407,0.3827327723,0.3888568855,0.4166666667,0.4812177395,0.2598076211,0.2651650429,0.5008673033,0.5718328022,0.4615930912,0.5163977795,0.2259240285,0.2317931625,0.430473016,0.4762896722,0.1701034544,0.4422689813,0.3150630189,0.4900980294,0.1118033989,0.4472135955,0.4844813951,0.298142397,0.3857583749,0.2001601923,0,0,0.3046358979,0.3195048252,0.4107919181,0.3651483717,0.0962250449,0,0,0.0510310363,0.3273268354,0,0.2727723628,0.2946278255,0,0.2581988897,0,0,0.2886751346,0.2886751346,0.2165063509,0,0,0.25,0.25,0.0833333333,0.1666666667,0.25,0.25,0.2041241452,0.1020620726,0,0.2041241452,0.2041241452,0.2041241452,0.2041241452,0.1443375673,0.1443375673,0,0,0,0,0,0,0,0.1443375673,0,0,0.1443375673,0.1443375673,0,0,0.1443375673,0,0.1443375673,0.1443375673,0,0,0,0,0,0,0.1443375673,0],
        [0.6226002146,0.5982545418,0.7633862854,0.611373681,0.3657817605,1,0.4888888889,0.8510808565,0.6285872662,0.3957771676,0.5185449729,0.3535533906,0.8222064168,0.7012937084,0.496903995,0.8432740427,0.508705575,0.7172191382,0.5847053462,0.1192569588,0.1217161239,0.3651483717,0.3730019233,0.6038596399,0.5,0.1,0.1367971136,0.5813877328,0.5973191136,0.3513641845,0.316227766,0.1807753815,0.3253956867,0.3849001795,0.5388602512,0.5388602512,0.5003702333,0.3984095364,0.2894143807,0.1721325932,0.2247332875,0.1348399725,0.0942809042,0.0942809042,0.1414213562,0,0.3478327965,0.0527046277,0.4216370214,0.3944053189,0.2817180849,0,0.3042903097,0.1825741858,0.1333333333,0.2,0.1333333333,0.0745355992,0.0745355992,0.298142397,0.298142397,0.2581988897,0.2581988897,0.0860662966,0,0.0860662966,0.2581988897,0,0,0,0.2108185107,0.2108185107,0,0,0.1054092553,0,0,0,0,0,0,0,0.1490711985,0,0.1490711985,0.1490711985,0.1490711985,0.1490711985,0.1490711985,0.1490711985,0.1490711985,0,0,0,0.1490711985,0.1490711985,0.1490711985,0.1490711985,0.1490711985,0.1490711985,0.1490711985,0,0.1490711985],
        [0.5936420651,0.6467616668,0.5872202195,0.5902918299,0.6239806502,0.4888888889,1,0.5060480769,0.5587442366,0.5587442366,0.6599663291,0.6363961031,0.4836508334,0.5320159167,0.6211299937,0.5270462767,0.5622535302,0.5737753105,0.5847053462,0.1192569588,0.2434322478,0.4260064336,0.4973358977,0.6992058988,0.4666666667,0.1,0.170996392,0.6155870113,0.4216370214,0.2459549291,0.5973191136,0.2892406104,0.5784812208,0.0384900179,0.4618802154,0.3849001795,0.5003702333,0.557773351,0.2067245576,0,0.089893315,0.17978663,0.1885618083,0.2357022604,0.2828427125,0,0.3478327965,0,0.0527046277,0.3944053189,0.112687234,0.1690308509,0.1217161239,0,0.2666666667,0.0666666667,0,0.2236067977,0.2236067977,0.1490711985,0,0,0.2581988897,0.1721325932,0.0860662966,0.0860662966,0.2581988897,0.1721325932,0,0,0.2108185107,0.2108185107,0.1054092553,0,0.2108185107,0.1490711985,0.1490711985,0,0,0,0,0,0,0,0.1490711985,0,0,0.1490711985,0.1490711985,0,0.1490711985,0.1490711985,0,0,0.1490711985,0,0.1490711985,0,0.1490711985,0,0,0,0],
        [0.6294651818,0.6192522825,0.7699188535,0.6328318817,0.3786200927,0.8510808565,0.5060480769,1,0.7229440391,0.4337664234,0.5123475383,0.3415650255,0.8510644963,0.7008766441,0.5914961749,0.8455943247,0.5819876952,0.6830009516,0.6052275327,0.09258201,0.1259881577,0.377964473,0.4504426165,0.6250541102,0.5175491695,0.0690065559,0.0707992325,0.6017934766,0.6546536707,0.3636964837,0.3636964837,0.1496962377,0.3368165349,0.3187276292,0.5976143047,0.5976143047,0.4780914437,0.4123930494,0.2567762955,0.0445435403,0.1860968421,0.093048421,0.0975900073,0.0975900073,0.0975900073,0,0.3086066999,0,0.3818813079,0.4082482905,0.2916059218,0,0.3149703942,0.2519763153,0.1380131119,0.2760262237,0.1380131119,0.077151675,0.077151675,0.3086066999,0.3086066999,0.0890870806,0.2672612419,0.0890870806,0.0890870806,0.0890870806,0.2672612419,0,0,0,0.2182178902,0.2182178902,0,0,0.1091089451,0,0,0.15430335,0,0.15430335,0,0,0.15430335,0,0.15430335,0.15430335,0.15430335,0.15430335,0.15430335,0.15430335,0.15430335,0,0,0,0.15430335,0.15430335,0.15430335,0,0.15430335,0.15430335,0.15430335,0,0.15430335],
        [0.6219264047,0.5928797992,0.7382383049,0.618416546,0.4508348173,0.6285872662,0.5587442366,0.7229440391,1,0.487804878,0.6173309979,0.4444783185,0.6587029695,0.6333682399,0.6507240079,0.6073733934,0.6170919848,0.5710574353,0.5513075026,0.0312347524,0.095636507,0.3825460278,0.4884672068,0.5660380845,0.5238227218,0.0349215148,0.1074861546,0.5374307729,0.6257786478,0.2944840695,0.4049155956,0.1515108038,0.4166547105,0.1209716758,0.4838867031,0.5242105951,0.4838867031,0.5008703227,0.2598888491,0,0.0941763219,0.0470881609,0.1481594395,0.0987729597,0.1481594395,0,0.3123475238,0.055215763,0.2208630521,0.2951406681,0.1180562672,0,0.3187883565,0.2550306852,0.2095290887,0.2095290887,0.0698430296,0.3123475238,0.3123475238,0.3123475238,0.1561737619,0,0.1803339269,0.1803339269,0.1803339269,0.0901669635,0.2705008904,0.2705008904,0,0,0.1104315261,0.2208630521,0,0,0.1104315261,0.1561737619,0,0.1561737619,0.1561737619,0.1561737619,0.1561737619,0,0.1561737619,0,0.1561737619,0,0.1561737619,0.1561737619,0.1561737619,0,0,0,0,0.1561737619,0.1561737619,0.1561737619,0.1561737619,0,0.1561737619,0.1561737619,0.1561737619,0.1561737619,0.1561737619],
        [0.5309127845,0.4912432622,0.4511456308,0.618416546,0.6537104851,0.3957771676,0.5587442366,0.4337664234,0.487804878,1,0.5185580382,0.3703985987,0.4306904031,0.4053556736,0.4424923254,0.4417261043,0.4487941708,0.5109461263,0.5206793081,0.0937042571,0.2869095209,0.4781825348,0.6187251286,0.5327417266,0.5587442366,0.1396860592,0.3224584638,0.5016020547,0.5153471217,0.1840525435,0.478536613,0.2651439067,0.4924101124,0,0.5242105951,0.5242105951,0.3225911354,0.4591311291,0.1299444245,0,0,0.2354408047,0.1481594395,0.0987729597,0.1975459193,0.3644054444,0.0520579206,0,0.055215763,0.3541688017,0,0.1770844008,0.3187883565,0,0.2793721183,0,0,0.2342606428,0.2342606428,0.2342606428,0,0,0.2705008904,0.2705008904,0,0,0.2705008904,0.1803339269,0,0,0,0.2208630521,0.2208630521,0.2208630521,0.1104315261,0.1561737619,0.1561737619,0,0,0,0,0.1561737619,0,0,0.1561737619,0,0,0.1561737619,0.1561737619,0,0,0,0,0,0.1561737619,0,0,0,0.1561737619,0,0,0,0],
        [0.583580361,0.565945331,0.6020797289,0.6484597135,0.5249007843,0.5185449729,0.6599663291,0.5123475383,0.6173309979,0.5185580382,1,0.65,0.5386386348,0.5899375524,0.6061032182,0.5310661447,0.6247580177,0.6085806195,0.6511823566,0.0948683298,0.3227486122,0.290473751,0.5275043787,0.6067798762,0.5303300859,0.2121320344,0.217642875,0.5441071876,0.5217491947,0.1863389981,0.4472135955,0.345134245,0.4218307439,0,0.4082482905,0.4082482905,0.5307227776,0.4648348401,0.1315587029,0,0,0.2860387768,0.2,0.2,0.25,0.0527046277,0.3689323937,0,0.0559016994,0.2390457219,0,0.2988071523,0.3227486122,0,0.2121320344,0,0,0.316227766,0.316227766,0.316227766,0,0,0.1825741858,0.1825741858,0,0.0912870929,0.2738612788,0.2738612788,0,0,0.2236067977,0.2236067977,0.1118033989,0,0.2236067977,0,0.158113883,0,0,0,0,0,0,0.158113883,0.158113883,0,0.158113883,0.158113883,0.158113883,0,0.158113883,0.158113883,0,0.158113883,0.158113883,0,0.158113883,0,0.158113883,0,0,0.158113883,0],
        [0.5067934714,0.4973458969,0.5190342491,0.5142956348,0.3879701449,0.3535533906,0.6363961031,0.3415650255,0.4444783185,0.3703985987,0.65,1,0.3590924232,0.4873397172,0.5797509044,0.3354101966,0.5679618342,0.4868644956,0.4031128874,0.158113883,0.4518480571,0,0.296721213,0.4719399037,0.2474873734,0.2474873734,0.2901905,0.5078333751,0.2608745974,0,0.298142397,0.345134245,0.2300894967,0,0.2041241452,0.2041241452,0.4082482905,0.4225771274,0.0877058019,0,0,0.2860387768,0.15,0.3,0.25,0.1054092553,0.474341649,0,0.0559016994,0.1792842914,0,0.2988071523,0,0.0645497224,0.2121320344,0,0,0.0790569415,0.0790569415,0,0,0,0.0912870929,0.0912870929,0.0912870929,0.0912870929,0.1825741858,0.0912870929,0,0,0.2236067977,0.2236067977,0,0,0.2236067977,0,0.158113883,0,0,0,0,0,0,0.158113883,0,0,0,0,0,0,0.158113883,0.158113883,0,0,0,0,0.158113883,0,0.158113883,0,0,0,0],
        [0.5987408171,0.5982430416,0.7029236327,0.6882472016,0.4448782605,0.8222064168,0.4836508334,0.8510644963,0.6587029695,0.4306904031,0.5386386348,0.3590924232,1,0.7105263158,0.5137011669,0.8029550685,0.5535807194,0.6868295952,0.636284763,0.1297771369,0.0993399268,0.3642463982,0.4059060549,0.6225430175,0.5441071876,0.14509525,0.1860807319,0.6326744884,0.6882472016,0.3441236008,0.3441236008,0.1573778951,0.3541002639,0.2094269541,0.5445100808,0.6282808624,0.5445100808,0.4335549848,0.1799685083,0.0468292906,0.0978231976,0.0978231976,0.2051956704,0.2051956704,0.1538967528,0,0.3785166493,0,0.2867696673,0.4291975376,0.1839418018,0.1226278679,0.3311330893,0.1324532357,0.14509525,0.072547625,0.14509525,0.0811107106,0.0811107106,0.3244428423,0.1622214211,0,0.2809757435,0.0936585812,0,0.0936585812,0.2809757435,0,0.2294157339,0,0.2294157339,0.2294157339,0,0,0.1147078669,0,0,0,0,0,0,0,0.1622214211,0,0.1622214211,0,0.1622214211,0.1622214211,0.1622214211,0.1622214211,0.1622214211,0,0,0,0.1622214211,0,0.1622214211,0,0.1622214211,0.1622214211,0.1622214211,0,0.1622214211],
        [0.5987408171,0.580647658,0.745525065,0.6194224815,0.3278050341,0.7012937084,0.5320159167,0.7008766441,0.6333682399,0.4053556736,0.5899375524,0.4873397172,0.7105263158,1,0.675922588,0.6595702349,0.6992598561,0.6868295952,0.6044705248,0.0324442842,0.0331133089,0.2980197803,0.4397315595,0.6571287407,0.4715595626,0.0362738125,0.0372161464,0.5582421957,0.535303379,0.2676516895,0.4588314677,0.0393444738,0.3541002639,0.251312345,0.4607392991,0.50262469,0.5445100808,0.4769104832,0.0899842541,0.1404878717,0.0978231976,0,0,0,0,0,0.4866642634,0.0573539335,0.1720618004,0.3678836037,0.1839418018,0,0.2649064714,0.3311330893,0.072547625,0,0.072547625,0.2433321317,0.2433321317,0.3244428423,0.1622214211,0,0.1873171623,0,0.1873171623,0,0.2809757435,0.1873171623,0,0,0.2294157339,0.2294157339,0,0,0,0,0,0.1622214211,0.1622214211,0.1622214211,0.1622214211,0,0,0,0.1622214211,0,0.1622214211,0.1622214211,0.1622214211,0.1622214211,0.1622214211,0,0,0,0.1622214211,0,0.1622214211,0,0.1622214211,0,0,0,0],
        [0.5342072243,0.5784812208,0.7003009753,0.5421151989,0.4089564407,0.496903995,0.6211299937,0.5914961749,0.6507240079,0.4424923254,0.6061032182,0.5797509044,0.5137011669,0.675922588,1,0.5597928684,0.9279607271,0.6094252841,0.6210344279,0,0.0340206909,0.272165527,0.5212860351,0.7106690545,0.5217491947,0.0372677996,0,0.535303379,0.5499719409,0.1178511302,0.5106882309,0.0404226042,0.4446486459,0,0.6024640761,0.5163977795,0.5594309278,0.6236095645,0,0,0,0.0502518908,0.0527046277,0.0527046277,0.0527046277,0,0.3333333333,0,0,0.377964473,0,0.0629940788,0.272165527,0.1360827635,0,0.0745355992,0,0.3333333333,0.3333333333,0.3333333333,0,0,0.2886751346,0,0.0962250449,0,0.2886751346,0.2886751346,0,0.1178511302,0.2357022604,0.2357022604,0,0,0.1178511302,0,0,0.1666666667,0,0.1666666667,0,0,0,0,0.1666666667,0,0.1666666667,0.1666666667,0.1666666667,0,0.1666666667,0.1666666667,0,0.1666666667,0.1666666667,0,0.1666666667,0,0,0,0,0.1666666667,0],
        [0.5494422558,0.5560496169,0.6731456009,0.6,0.3827327723,0.8432740427,0.5270462767,0.8455943247,0.6073733934,0.4417261043,0.5310661447,0.3354101966,0.8029550685,0.6595702349,0.5597928684,1,0.5715005715,0.7144345083,0.6240377208,0.0353553391,0.0721687836,0.3247595264,0.4054653794,0.6784005253,0.5929270613,0.0790569415,0.1216660658,0.6488856845,0.625,0.2916666667,0.375,0.1286239389,0.3858718166,0.3195048252,0.6390096504,0.6390096504,0.5477225575,0.4724555913,0.2451451689,0.0510310363,0.2132007164,0.1066003582,0.0559016994,0.0559016994,0.1118033989,0,0.3535533906,0,0.3125,0.4677071733,0.3340765524,0,0.2886751346,0.0721687836,0.158113883,0.158113883,0,0.0883883476,0.0883883476,0.3535533906,0.3535533906,0.1020620726,0.3061862178,0.1020620726,0,0,0.3061862178,0,0,0,0.25,0.25,0,0,0.125,0,0,0,0,0,0,0,0.1767766953,0,0.1767766953,0.1767766953,0.1767766953,0.1767766953,0.1767766953,0.1767766953,0.1767766953,0,0,0,0.1767766953,0.1767766953,0.1767766953,0,0.1767766953,0.1767766953,0.1767766953,0,0.1767766953],
        [0.4884546539,0.5844279059,0.6603332829,0.5588005588,0.3888568855,0.508705575,0.5622535302,0.5819876952,0.6170919848,0.4487941708,0.6247580177,0.5679618342,0.5535807194,0.6992598561,0.9279607271,0.5715005715,1,0.6567360733,0.669246456,0,0.0366617788,0.2566324513,0.5243041204,0.727547602,0.5220925638,0.0401609664,0,0.5768599504,0.5926672593,0.127000127,0.5503338837,0.0435606842,0.4356068419,0,0.5564866749,0.5564866749,0.5564866749,0.624019969,0,0,0,0.0541530361,0.0567961834,0.0567961834,0.0567961834,0,0.29934217,0,0,0.40730654,0,0.0678844233,0.29329423,0.146647115,0,0,0,0.269407953,0.269407953,0.3592106041,0,0,0.3110855084,0,0.1036951695,0,0.3110855084,0.2073903389,0,0.127000127,0.254000254,0.254000254,0,0,0.127000127,0,0,0.179605302,0,0.179605302,0,0,0,0,0.179605302,0,0.179605302,0.179605302,0.179605302,0,0.179605302,0.179605302,0,0,0.179605302,0,0.179605302,0,0,0,0,0,0],
        [0.4860025335,0.5218535759,0.6317483696,0.6531972647,0.4166666667,0.7172191382,0.5737753105,0.6830009516,0.5710574353,0.5109461263,0.6085806195,0.4868644956,0.6868295952,0.6868295952,0.6094252841,0.7144345083,0.6567360733,1,0.6793662205,0.0384900179,0.1178511302,0.2749859705,0.52167203,0.7795794429,0.6024640761,0.0430331483,0.0883021571,0.7505683357,0.6350528963,0.1360827635,0.4536092116,0.1400280084,0.4200840252,0.0496903995,0.596284794,0.596284794,0.6459751935,0.5657789499,0.0533760513,0,0,0.1160517706,0.0608580619,0.0608580619,0.0608580619,0,0.5132002393,0,0.0680413817,0.5091750772,0,0,0.3142696805,0,0.1721325932,0,0,0.1924500897,0.1924500897,0.2886751346,0,0.2222222222,0.3333333333,0.1111111111,0,0,0.3333333333,0.1111111111,0,0,0.272165527,0.272165527,0,0,0.1360827635,0,0,0,0,0,0,0,0,0,0.1924500897,0.1924500897,0,0.1924500897,0.1924500897,0,0.1924500897,0,0,0,0.1924500897,0,0.1924500897,0,0.1924500897,0,0,0,0],
        [0.4952605565,0.5530663188,0.5665288229,0.6379052257,0.4812177395,0.5847053462,0.5847053462,0.6052275327,0.5513075026,0.5206793081,0.6511823566,0.4031128874,0.636284763,0.6044705248,0.6210344279,0.6240377208,0.669246456,0.6793662205,1,0.039223227,0.1200961154,0.440352423,0.5725025741,0.668993608,0.5700877125,0.043852901,0.0449921271,0.7198740331,0.5547001962,0.1386750491,0.4622501635,0.2378257471,0.4756514942,0,0.5063696835,0.6076436203,0.6076436203,0.5241424184,0.1087856586,0,0,0.1773937188,0.1240347346,0.1240347346,0.1860521019,0,0.3922322703,0,0,0.44474959,0,0.1482498633,0.4003203845,0,0.1754116039,0,0,0.1961161351,0.1961161351,0.3922322703,0,0,0.2264554068,0.1132277034,0,0,0.2264554068,0.1132277034,0,0,0.2773500981,0.1386750491,0.1386750491,0,0.1386750491,0,0.1961161351,0,0,0,0,0,0,0,0.1961161351,0,0.1961161351,0.1961161351,0.1961161351,0,0.1961161351,0.1961161351,0,0,0.1961161351,0,0.1961161351,0,0.1961161351,0,0,0,0],
        [0.2913857587,0.3687817783,0.0525225731,0.1979898987,0.2598076211,0.1192569588,0.1192569588,0.09258201,0.0312347524,0.0937042571,0.0948683298,0.158113883,0.1297771369,0.0324442842,0,0.0353553391,0,0.0384900179,0.039223227,1,0.4490731195,0.1224744871,0,0,0,0.3577708764,0.2294157339,0,0,0.1885618083,0,0.3395498751,0,0.3098386677,0,0,0,0,0.3328201177,0.1154700538,0.1809068067,0.3015113446,0.316227766,0.316227766,0.1264911064,0,0,0,0.1414213562,0,0.1511857892,0.3023715784,0.0816496581,0,0,0.0894427191,0.0894427191,0,0,0,0,0,0,0,0,0.2309401077,0,0,0.2828427125,0.1414213562,0,0,0,0,0,0,0,0,0,0,0,0.2,0,0,0,0,0,0,0,0,0,0,0.2,0,0,0,0,0.2,0,0,0,0,0],
        [0.3370469239,0.2435440935,0.1608168802,0.3175426481,0.2651650429,0.1217161239,0.2434322478,0.1259881577,0.095636507,0.2869095209,0.3227486122,0.4518480571,0.0993399268,0.0331133089,0.0340206909,0.0721687836,0.0366617788,0.1178511302,0.1200961154,0.4490731195,1,0.0833333333,0.0851256531,0.043519414,0.0912870929,0.3651483717,0.5151221964,0.1404878717,0.0481125224,0.0481125224,0,0.5445811486,0,0.0527046277,0,0,0.0527046277,0,0.1698415551,0,0,0.4923659639,0.3227486122,0.5163977795,0.3872983346,0.272165527,0.0680413817,0,0.1443375673,0,0,0.3857583749,0.0833333333,0,0.2738612788,0.0912870929,0.0912870929,0,0,0,0,0,0,0.1178511302,0,0.2357022604,0,0,0,0.1443375673,0,0,0,0,0.2886751346,0,0.2041241452,0,0,0,0,0.2041241452,0,0.2041241452,0,0,0,0,0,0,0,0.2041241452,0,0,0,0,0,0,0.2041241452,0,0,0,0],
        [0.4361783721,0.5092285592,0.3484365738,0.375277675,0.5008673033,0.3651483717,0.4260064336,0.377964473,0.3825460278,0.4781825348,0.290473751,0,0.3642463982,0.2980197803,0.272165527,0.3247595264,0.2566324513,0.2749859705,0.440352423,0.1224744871,0.0833333333,1,0.4256282654,0.3046358979,0.4107919181,0,0,0.2341464529,0.2886751346,0.4811252243,0.4330127019,0.1980295086,0.4950737715,0.0527046277,0.3689323937,0.3689323937,0.2108185107,0.2182178902,0.1698415551,0,0,0.0615457455,0.2581988897,0.0645497224,0.2581988897,0,0,0,0.1443375673,0.3086066999,0,0,0.5,0.1666666667,0.1825741858,0.0912870929,0.1825741858,0.2041241452,0.2041241452,0.3061862178,0,0,0.2357022604,0.2357022604,0.2357022604,0.1178511302,0.1178511302,0.1178511302,0,0,0,0,0.2886751346,0,0,0.2041241452,0,0,0.2041241452,0,0.2041241452,0,0,0,0.2041241452,0,0,0.2041241452,0.2041241452,0,0,0,0,0,0.2041241452,0,0,0,0,0,0,0,0],
        [0.4658123357,0.4975644003,0.4928271104,0.4718142597,0.5718328022,0.3730019233,0.4973358977,0.4504426165,0.4884672068,0.6187251286,0.5275043787,0.296721213,0.4059060549,0.4397315595,0.5212860351,0.4054653794,0.5243041204,0.52167203,0.5725025741,0,0.0851256531,0.4256282654,1,0.5334650694,0.6993786062,0.0932504808,0.0478364873,0.5262013606,0.5897678246,0.1965892749,0.4423258685,0.1517165212,0.4045773899,0,0.5922200923,0.5383819021,0.3768673314,0.5015503913,0.1156629864,0.0601929265,0,0.188608384,0.1318760947,0.1318760947,0.197814142,0,0,0,0.0737209781,0.3152441625,0,0.0788110406,0.4256282654,0.0851256531,0.1865009616,0.0932504808,0,0.3127716211,0.3127716211,0.3127716211,0,0,0.3611575593,0.2407717062,0,0,0.3611575593,0.2407717062,0,0,0,0.2948839123,0.2948839123,0,0.1474419562,0,0.2085144141,0.2085144141,0,0.2085144141,0,0,0,0,0.2085144141,0,0,0.2085144141,0.2085144141,0,0,0,0,0,0.2085144141,0,0,0,0,0,0,0,0],
        [0.4555734516,0.5087470191,0.6158817621,0.6030226892,0.4615930912,0.6038596399,0.6992058988,0.6250541102,0.5660380845,0.5327417266,0.6067798762,0.4719399037,0.6225430175,0.6571287407,0.7106690545,0.6784005253,0.727547602,0.7795794429,0.668993608,0,0.043519414,0.3046358979,0.5334650694,1,0.619750683,0.0476731295,0.0489115988,0.7336739821,0.6030226892,0.1005037815,0.6030226892,0.051708769,0.51708769,0,0.6055300708,0.5504818826,0.6605782591,0.6837634588,0.0591312396,0,0,0.0642824347,0.0674199862,0.0674199862,0.0674199862,0,0.3553345273,0,0.0753778361,0.5640760748,0,0,0.174077656,0,0.0953462589,0,0,0.3198010745,0.3198010745,0.2132007164,0,0,0.3692744729,0.123091491,0,0,0.3692744729,0.246182982,0,0,0.3015113446,0.3015113446,0,0,0.1507556723,0,0,0,0,0,0,0,0,0,0.2132007164,0,0,0.2132007164,0.2132007164,0,0.2132007164,0,0,0,0.2132007164,0,0.2132007164,0,0,0,0,0,0],
        [0.4343722428,0.4608176876,0.5284981976,0.474341649,0.5163977795,0.5,0.4666666667,0.5175491695,0.5238227218,0.5587442366,0.5303300859,0.2474873734,0.5441071876,0.4715595626,0.5217491947,0.5929270613,0.5220925638,0.6024640761,0.5700877125,0,0.0912870929,0.4107919181,0.6993786062,0.619750683,1,0.1,0.0512989176,0.5642880936,0.6851601597,0.2108185107,0.4216370214,0.1084652289,0.4880935301,0,0.692820323,0.692820323,0.4618802154,0.5378528742,0.0620173673,0.0645497224,0,0.1348399725,0.0707106781,0.1414213562,0.1414213562,0,0,0,0.0790569415,0.5070925528,0,0.0845154255,0.3651483717,0,0.1,0,0,0.3354101966,0.3354101966,0.3354101966,0,0,0.3872983346,0.1290994449,0,0,0.3872983346,0.2581988897,0,0,0,0.316227766,0,0,0.158113883,0,0.2236067977,0,0,0,0,0,0,0,0.2236067977,0,0,0.2236067977,0.2236067977,0,0,0,0,0.2236067977,0.2236067977,0,0,0,0,0,0,0.2236067977,0],
        [0.3692164063,0.1697749375,0.1174440439,0.2529822128,0.2259240285,0.1,0.1,0.0690065559,0.0349215148,0.1396860592,0.2121320344,0.2474873734,0.14509525,0.0362738125,0.0372677996,0.0790569415,0.0401609664,0.0430331483,0.043852901,0.3577708764,0.3651483717,0,0.0932504808,0.0476731295,0.1,1,0.256494588,0.1025978352,0.0527046277,0,0,0.2711630723,0,0.1154700538,0,0,0,0,0.0620173673,0.3227486122,0.0674199862,0.269679945,0.2828427125,0.4242640687,0.1414213562,0,0,0.316227766,0.158113883,0,0.0845154255,0.5070925528,0,0,0.1,0.1,0.3,0,0,0,0,0,0,0.1290994449,0,0.1290994449,0,0,0.316227766,0.158113883,0,0,0,0,0.158113883,0,0.2236067977,0,0,0,0,0,0,0,0,0,0,0,0,0,0,0,0,0,0,0,0,0.2236067977,0,0,0,0,0],
        [0.2896767366,0.1990690407,0.1204950466,0.291998558,0.2317931625,0.1367971136,0.170996392,0.0707992325,0.1074861546,0.3224584638,0.217642875,0.2901905,0.1860807319,0.0372161464,0,0.1216660658,0,0.0883021571,0.0449921271,0.2294157339,0.5151221964,0,0.0478364873,0.0489115988,0.0512989176,0.256494588,1,0.1052631579,0.054073807,0,0,0.2225659536,0,0,0,0,0.0592348878,0,0.1272569526,0,0,0.1383428928,0.2901905,0.3627381251,0.14509525,0.4588314677,0.0764719113,0,0.0811107106,0,0,0.2601329909,0,0,0.2051956704,0,0,0,0,0,0,0,0,0.1324532357,0,0.1324532357,0,0,0.3244428423,0,0,0,0,0,0.1622214211,0,0,0,0,0,0,0.2294157339,0,0.2294157339,0,0,0,0,0,0,0,0,0,0,0,0,0,0,0.2294157339,0,0,0,0],
        [0.4233736919,0.4727889717,0.5422277098,0.5839971161,0.430473016,0.5813877328,0.6155870113,0.6017934766,0.5374307729,0.5016020547,0.5441071876,0.5078333751,0.6326744884,0.5582421957,0.535303379,0.6488856845,0.5768599504,0.7505683357,0.7198740331,0,0.1404878717,0.2341464529,0.5262013606,0.7336739821,0.5642880936,0.1025978352,0.1052631579,1,0.5407380704,0.054073807,0.4325904563,0.1669244652,0.5007733957,0,0.4738791022,0.53311399,0.5923488778,0.5518254055,0.0636284763,0,0,0.1383428928,0.072547625,0.14509525,0.14509525,0,0.4588314677,0,0.0811107106,0.5202659817,0,0.086710997,0.0936585812,0,0.2051956704,0,0,0,0,0,0,0,0.2649064714,0.1324532357,0,0,0.2649064714,0,0,0,0.3244428423,0.3244428423,0,0,0.1622214211,0,0.2294157339,0,0,0,0,0,0,0,0,0,0,0,0,0,0.2294157339,0,0,0,0,0,0.2294157339,0,0.2294157339,0,0,0,0],
        [0.4120816918,0.4346134937,0.5570860145,0.5666666667,0.4762896722,0.5973191136,0.4216370214,0.6546536707,0.6257786478,0.5153471217,0.5217491947,0.2608745974,0.6882472016,0.535303379,0.5499719409,0.625,0.5926672593,0.6350528963,0.5547001962,0,0.0481125224,0.2886751346,0.5897678246,0.6030226892,0.6851601597,0.0527046277,0.054073807,0.5407380704,1,0.2222222222,0.3333333333,0.057166195,0.3429971703,0,0.7911548053,0.7911548053,0.3651483717,0.5039526307,0.065372045,0,0,0.0710669055,0.0745355992,0.0745355992,0.0745355992,0,0,0,0.0833333333,0.4454354032,0,0,0.3849001795,0.0962250449,0.1054092553,0,0,0.1178511302,0.1178511302,0.4714045208,0,0,0.4082482905,0.1360827635,0,0,0.4082482905,0,0,0,0,0.3333333333,0,0,0.1666666667,0,0,0,0,0,0,0,0.2357022604,0,0.2357022604,0,0.2357022604,0.2357022604,0.2357022604,0,0,0,0,0,0.2357022604,0,0,0,0,0.2357022604,0.2357022604,0,0.2357022604],
        [0.2976145552,0.3834824944,0.2475937842,0.1333333333,0.1701034544,0.3513641845,0.2459549291,0.3636964837,0.2944840695,0.1840525435,0.1863389981,0,0.3441236008,0.2676516895,0.1178511302,0.2916666667,0.127000127,0.1360827635,0.1386750491,0.1885618083,0.0481125224,0.4811252243,0.1965892749,0.1005037815,0.2108185107,0,0,0.054073807,0.2222222222,1,0,0.057166195,0.057166195,0.1825741858,0.1825741858,0.1217161239,0.0608580619,0,0.2614881802,0,0.2132007164,0,0.0745355992,0,0.0745355992,0,0,0,0.25,0,0.3563483225,0,0.1924500897,0.0962250449,0,0.1054092553,0.1054092553,0,0,0.2357022604,0.2357022604,0,0,0,0.1360827635,0,0,0,0,0,0,0,0.1666666667,0,0,0,0,0,0,0,0,0,0,0,0,0,0,0,0,0,0,0,0,0,0,0,0,0,0,0,0,0,0],
        [0.4120816918,0.4601789933,0.4332891224,0.4666666667,0.4422689813,0.316227766,0.5973191136,0.3636964837,0.4049155956,0.478536613,0.4472135955,0.298142397,0.3441236008,0.4588314677,0.5106882309,0.375,0.5503338837,0.4536092116,0.4622501635,0,0,0.4330127019,0.4423258685,0.6030226892,0.4216370214,0,0,0.4325904563,0.3333333333,0,1,0.057166195,0.8003267307,0,0.3651483717,0.4260064336,0.4868644956,0.6929348672,0.065372045,0,0,0,0.0745355992,0,0.0745355992,0,0.1571348403,0,0,0.5345224838,0,0,0.0962250449,0.0962250449,0.1054092553,0,0,0.3535533906,0.3535533906,0.1178511302,0,0,0.4082482905,0.1360827635,0,0,0.4082482905,0.272165527,0,0,0.3333333333,0.3333333333,0.1666666667,0,0,0.2357022604,0,0.2357022604,0,0.2357022604,0,0,0,0,0.2357022604,0,0,0.2357022604,0.2357022604,0,0.2357022604,0,0,0,0.2357022604,0,0.2357022604,0,0,0,0,0,0],
        [0.3533571356,0.3946002313,0.2229254144,0.3086974533,0.3150630189,0.1807753815,0.2892406104,0.1496962377,0.1515108038,0.2651439067,0.345134245,0.345134245,0.1573778951,0.0393444738,0.0404226042,0.1286239389,0.0435606842,0.1400280084,0.2378257471,0.3395498751,0.5445811486,0.1980295086,0.1517165212,0.051708769,0.1084652289,0.2711630723,0.2225659536,0.1669244652,0.057166195,0.057166195,0.057166195,1,0.0588235294,0.1252448582,0,0,0.0626224291,0,0.336336397,0,0,0.6581451817,0.6135719911,0.4601789933,0.7669649888,0,0.0808452083,0,0.1714985851,0,0,0.4583492485,0.1980295086,0,0.5423261445,0.1084652289,0.1084652289,0,0,0,0,0,0,0.4200840252,0,0.2800560168,0,0,0,0,0,0,0,0,0.3429971703,0.242535625,0.242535625,0,0,0,0,0,0,0,0,0,0,0,0,0,0,0.242535625,0.242535625,0,0,0,0,0,0.242535625,0,0,0,0],
        [0.4004714203,0.4472135955,0.3503113654,0.4458963214,0.4900980294,0.3253956867,0.5784812208,0.3368165349,0.4166547105,0.4924101124,0.4218307439,0.2300894967,0.3541002639,0.3541002639,0.4446486459,0.3858718166,0.4356068419,0.4200840252,0.4756514942,0,0,0.4950737715,0.4045773899,0.51708769,0.4880935301,0,0,0.5007733957,0.3429971703,0.057166195,0.8003267307,0.0588235294,1,0,0.3757345747,0.4383570038,0.5009794329,0.6482037236,0.0672672794,0,0,0,0.0766964989,0,0.0766964989,0,0.1616904167,0,0,0.6416889479,0,0,0.0990147543,0,0.1084652289,0,0,0.3638034376,0.3638034376,0.1212678125,0,0,0.4200840252,0.1400280084,0,0,0.4200840252,0.2800560168,0,0,0.3429971703,0.3429971703,0.1714985851,0,0,0.242535625,0,0,0,0,0,0,0,0,0.242535625,0,0,0.242535625,0.242535625,0,0.242535625,0,0,0.242535625,0.242535625,0,0.242535625,0,0,0,0,0.242535625,0],
        [0.2758634244,0.3080616185,0.2712254014,0.0730296743,0.1118033989,0.3849001795,0.0384900179,0.3187276292,0.1209716758,0,0,0,0.2094269541,0.251312345,0,0.3195048252,0,0.0496903995,0,0.3098386677,0.0527046277,0.0527046277,0,0,0,0.1154700538,0,0,0,0.1825741858,0,0.1252448582,0,1,0,0,0,0,0.358057437,0.298142397,0.3113995777,0,0.1632993162,0.0816496581,0.0816496581,0,0,0.0912870929,0.4564354646,0,0.5855400438,0,0.1054092553,0.1054092553,0,0.4618802154,0.1154700538,0,0,0,0.5163977795,0.1490711985,0,0,0,0.298142397,0,0,0,0,0,0,0,0,0,0,0,0,0,0,0,0,0,0,0,0.2581988897,0,0,0,0.2581988897,0,0,0.2581988897,0,0,0.2581988897,0,0,0,0,0,0,0],
        [0.3761773969,0.3640728218,0.5085476277,0.4746928832,0.4472135955,0.5388602512,0.4618802154,0.5976143047,0.4838867031,0.5242105951,0.4082482905,0.2041241452,0.5445100808,0.4607392991,0.6024640761,0.6390096504,0.5564866749,0.596284794,0.5063696835,0,0,0.3689323937,0.5922200923,0.6055300708,0.692820323,0,0,0.4738791022,0.7911548053,0.1825741858,0.3651483717,0,0.3757345747,0,1,0.8,0.4,0.5520524475,0,0,0,0,0,0,0,0,0,0,0,0.4879500365,0,0,0.4216370214,0.1054092553,0,0.1154700538,0,0.1290994449,0.1290994449,0.3872983346,0,0,0.4472135955,0,0,0,0.4472135955,0,0,0,0,0.3651483717,0,0,0,0,0,0,0,0,0,0,0.2581988897,0,0.2581988897,0,0,0.2581988897,0.2581988897,0,0,0,0,0,0.2581988897,0,0,0,0,0.2581988897,0.2581988897,0,0.2581988897],
